105
999999999 2
999999999 100
997184809 100
2 1
103 100
201 99
198101484 78
1000000000 3
2 2
4 2
100 100
1000000000 40
1 31
146755893 1
593065517 43
3 7
98 100
196 99
8 3
2 4
4 3
1 2
999999999 99
203 100
101 100
800744567 72
202 100
114382 1
3 100
200 100
128124448 100
670528042 10
1000000000 100
138 6
999999999 3
1000000000 1
4 8
1000000000 94
6 3
7 2
3 1
1 73
197 100
829603365 4
1 99
97 99
186260212 39
1000000000 2
3 5
411787879 54
3 3
101 99
201 100
96 99
102 99
236088977 100
99 100
197 99
59243198 88
195 99
2 99
1 10
5 3
2 5
197550894 70
289629644 32
5 1
1 1
1000000000 99
7 3
692322617 52
2 100
3 4
98 99
3 6
670467508 92
417021999 1
2 3
4 6
198 99
99 99
9 3
6 2
3 2
198 100
100 99
4 7
558689828 44
538816732 85
4 1
199 100
97 100
199 99
4 5
200 99
968261572 81
1 3
4 9
4 4
396767469 94
999999999 1
5 2
1 100
102 100
3 99
