3852 2836 3979 3377
3204 4516 4188 4715
5587 1479 5827 2690
5736 5530 6767 6723
5566 622 6738 1246
7914 865 8219 1255
4987 8922 5028 9703
5004 216 5448 412
8603 2842 8916 7586
8397 6946 8508 8959
7319 3857 7709 8067
2798 1139 2881 3097
7958 1301 8434 2421
6687 3688 7200 3750
2453 1344 2656 1771
3143 2287 4099 2495
980 565 1071 2809
7422 2618 7432 2963
3144 7550 3367 7725
6894 71 7400 158
8099 8596 8390 8738
1237 968 1300 1152
7219 3689 7242 7279
8113 9267 9997 9740
6942 1189 7061 1432
5872 9443 7645 9824
9086 2328 9144 3483
8031 6067 8454 6421
5376 3239 6564 3802
1490 736 2052 2300
4204 6373 4498 6406
374 3823 2623 5274
7005 5506 7159 7915
2473 76 4829 172
3820 4936 6405 5104
908 5354 1967 7292
8942 5068 9120 6326
333 143 754 3566
1567 8864 2043 8929
2926 5173 3650 5742
8774 670 8833 2612
2627 3531 2702 4605
2252 8299 3325 8663
5352 4920 6504 4922
2724 1557 2730 6823
294 9599 3499 9673
9463 100 9493 7472
9513 4907 9743 6152
1298 7721 2002 8099
7863 5214 7869 9318
